p:khh3_m_01_00=1,0,1,0,0
p:khh3_m_01_01=1,0,1,0,0
p:khh_m_00=1,0,1,0,0
p:khh_m_01=1,0,1,0,0
p:khh_m_02=1,0,1,0,0
p:khh_m_03=1,0,1,0,0
p:khh_m_04=1,0,1,0,0
p:khh_m_05=1,0,1,0,0
p:khh_m_06=1,0,1,0,0
p:khh_m_07=1,0,1,0,0
p:khh_m_08=1,0,1,0,0
p:khh_m_09=1,0,1,0,0
p:khh_m_10=1,0,1,0,0
p:khh_m_11=1,0,1,0,0
p:khh_m_12=1,0,1,0,0
p:khh_m_13=1,0,1,0,0
p:khh_m_14=1,0,1,0,0
p:khh_m_15=1,0,1,0,0
p:khh_m_16=1,1,1,1,0
p:khh_m_17=1,1,1,1,0
p:khh_m_18=1,1,1,1,0
p:khh_m_19=1,1,1,1,0
p:khh_m_20=1,1,1,1,0
p:khh_m_21=1,1,1,1,0
p:khh_m_22=1,1,1,1,0
p:khh_m_23=1,1,1,1,0
p:khh_m_24=1,1,1,1,0,1
p:khh_m_25=1,1,1,1,0
p:khh_m_26=1,1,1,1,0
p:khh_m_27=1,1,1,1,0
p:khh_m_28=1,1,1,1,0
p:khh_m_29=1,1,1,1,0
p:khh_m_30=1,1,1,1,0
p:khh_m_31=1,1,1,1,0
p:khh_m_32=1,1,1,1,0
p:khh_m_33=1,1,1,1,0
p:khh_m_34=1,1,1,1,0
p:khh_m_35=1,1,1,1,0
p:khh_m_36=1,1,1,1,0
p:khh_m_37=1,1,1,1,0
p:khh_m_38=1,1,1,1,0
p:khh_m_39=1,1,1,1,0
p:khh_m_40=1,1,1,1,0
p:khh_m_41=1,1,1,1,0
p:khh_m_42=1,1,1,1,0
p:khh_m_43=1,1,1,1,0
p:khh_m_44=1,1,1,1,0
p:khh_m_45=1,1,1,1,0
p:khh_m_46=1,1,1,1,0
p:khh_m_47=1,1,1,1,0
p:khh_m_48=1,0,1,0,0
p:khh_m_49=1,1,1,1,0
p:khh_m_50=1,1,1,1,0
p:khh_m_51=1,0,1,0,0
p:khs_m_00=1,0,1,0,0
p:khs_m_01=1,0,1,0,0
p:khs_m_02=0,0,0,0,0
p:khs_m_03=1,0,1,0,0
p:khs_m_04=1,0,1,0,0
p:khs_m_05=1,0,1,0,0
p:khs_m_06=1,0,1,0,0
p:khs_m_07=1,1,1,1,0
p:khs_m_08=1,1,1,1,0
p:khs_m_09=1,1,1,1,0
p:khs_m_10=1,1,1,1,0
p:khs_m_11=1,1,1,1,1,0
p:khs_m_11n=1,1,1,1,0
p:khs_m_12=1,1,1,1,0
p:khs_m_13=1,1,1,1,0
p:khs_m_14=1,1,1,1,0
p:khs_m_15=1,1,1,1,0
p:khs_m_16=1,1,1,1,0
p:khs_m_17=1,1,1,1,0
p:khs_m_18=1,1,1,1,0
p:khs_m_n00=1,0,1,0,0
p:khs_m_n01=1,0,1,0,0
p:khs_m_n02=0,0,0,0,0
p:khs_m_n03=1,0,1,0,0
p:khs_m_n04=1,0,0,0,0
p:khs_m_n05=1,0,1,0,0
p:khs_m_n06=1,0,0,0,0
p:khs_m_n07=1,1,1,1,0
p:khs_m_n08=1,1,1,1,0
p:khs_m_n09=1,1,1,1,0
p:khs_m_n10=1,1,1,1,0,1
p:khs_m_n11=1,1,1,1,0
p:khs_m_n12=1,1,1,1,0
p:khs_m_n13=1,1,1,1,0
p:khs_m_n14=1,1,1,1,0
p:khs_m_n15=1,1,1,1,0
p:khs_m_n16=1,1,1,1,0
p:khs_m_n17=1,1,1,1,0
p:khs_m_n18=1,1,1,1,0
p:khs_m_n19=1,1,1,1,0
p:khs_m_n20=1,1,1,1,0
p:khs_m_n21=1,1,1,1,0
p:khs_m_n22=1,1,1,1,0
p:khs_m_n23=0,0,0,0,0
p:khs_m_n24=1,1,1,1,0
p:khs_m_n25=1,1,1,1,0
p:khs_m_n26=0,0,0,0,0
p:khs_m_n27=1,1,1,1,0
p:khh3_m_00=0,0,0,0,0
p:khh3_m_01=0,0,0,0,0
p:khh3_m_02_00=0,0,0,0,0
p:khh3_m_03_00=0,0,0,0,0
p:khs3_m_00=0,0,0,0,0
p:khs3_m_01=0,0,0,0,0
p:khs3_m_02_00=1,0,1,0,0
p:khs3_m_02_01=1,0,1,0,0
p:khs3_m_03_00=1,0,1,0,0
p:khs3_m_03_01=1,0,1,0,0
p:khs3_m_04_00=1,0,1,0,0
p:khs3_m_04_01=1,0,1,0,0
