p:khh_f_60=1,1,1,1,0,1
p:khh_f_63=1,1,1,0,0,1
p:khh_f_73=1,1,1,1,0,1
p:khs_f_60=1,1,1,1,0,1
p:khs_f_61=1,1,1,1,0,1
p:khs_f_62=1,1,1,1,0,1
p:khs_f_63=1,0,1,1,0,0
p:khs_f_65=1,0,1,1,0,0
p:khs_f_66=1,1,1,1,0,1
p:khs_f_67=1,1,1,1,0,1
p:khs_f_68=1,0,1,1,0,0
p:khs_f_69=1,1,1,1,0,1
p:khs_f_70=1,1,1,1,0,1
p:khs_f_71=1,1,1,1,0,1
p:khs_f_73=1,1,1,1,0,1
p:khs_f_79=1,0,1,0,0,0
p:khs_f_80=1,0,1,0,0,0
p:khs_f_81=1,0,1,1,0,0
p:khs_f_83=1,1,1,1,0,1
p:khs_f_64=1,1,1,1,0,1

p:khs_m_70=1,1,1,1,0,1
p:khs_m_83=1,1,1,1,0,1
p:khs_m_63=1,1,1,1,0,1
p:khs_m_66=1,1,1,1,0,1
p:khs_m_60=1,1,1,1,0,1
p:khs_m_71=1,1,1,1,0,1

p:khs_f_78=1,0,1,1,0,0
p:khs_m_78=1,1,1,1,0,1

khs_f_71/M_SLoop1=1,1,0,1,0,1
khs_f_71/M_SLoop2=1,1,0,1,0,1